1628410463.258439 0.269542 -0.000994 0.182618 -0.000241 -0.000078 -0.000083 1.000000
1628410463.458821 0.268773 0.001417 0.182627 0.000166 -0.000316 0.000016 1.000000
1628410464.160235 0.219481 -0.000975 0.181479 -0.000461 0.000794 0.001035 0.999999
1628410464.260579 0.186789 -0.000752 0.183024 -0.000798 0.000854 0.003588 0.999993
1628410464.360617 0.148205 -0.003236 0.182042 -0.000645 0.001064 0.007738 0.999969
1628410464.460845 0.103911 -0.010274 0.181039 -0.000389 0.001267 0.014288 0.999897
1628410464.561004 0.046466 -0.013577 0.181242 -0.000551 0.001403 0.023327 0.999727
1628410464.661204 -0.012006 -0.021621 0.183595 -0.000896 0.001493 0.034128 0.999416
1628410464.761394 -0.082914 -0.027491 0.184959 -0.001296 0.001730 0.046315 0.998925
1628410464.861588 -0.154380 -0.034823 0.187558 -0.001247 0.001819 0.059673 0.998216
1628410464.961787 -0.230182 -0.044715 0.189217 -0.001605 0.002367 0.075531 0.997139
1628410465.062005 -0.314818 -0.052657 0.191217 -0.001945 0.002713 0.092231 0.995732
1628410465.162180 -0.390356 -0.070970 0.192984 -0.002473 0.002998 0.108613 0.994076
1628410465.262391 -0.469612 -0.088912 0.196517 -0.002758 0.003648 0.125659 0.992063
1628410465.362580 -0.546141 -0.110780 0.197467 -0.002486 0.004256 0.142916 0.989723
1628410465.462792 -0.626003 -0.132418 0.200224 -0.002277 0.004075 0.160150 0.987082
1628410465.562982 -0.701263 -0.157911 0.204618 -0.002705 0.004590 0.177727 0.984065
1628410465.663198 -0.781888 -0.183253 0.205677 -0.003316 0.005304 0.195312 0.980721
1628410465.763381 -0.859400 -0.215556 0.210524 -0.003439 0.005112 0.212441 0.977154
1628410465.863630 -0.933559 -0.248356 0.211116 -0.003341 0.005392 0.229217 0.973355
1628410465.963765 -1.004930 -0.284442 0.214019 -0.003480 0.006167 0.246111 0.969216
1628410466.063961 -1.079282 -0.321746 0.215997 -0.003162 0.006048 0.262374 0.964942
1628410466.164175 -1.147911 -0.363210 0.216663 -0.003600 0.007083 0.278308 0.960459
1628410466.265086 -1.215224 -0.403355 0.216699 -0.003354 0.006797 0.294457 0.955635
1628410466.364587 -1.278497 -0.443806 0.217382 -0.003022 0.006806 0.310968 0.950391
1628410466.466340 -1.341515 -0.492096 0.218642 -0.003297 0.007411 0.326891 0.945027
1628410466.564963 -1.396977 -0.532387 0.223711 -0.003631 0.008052 0.343662 0.939052
1628410466.665151 -1.453222 -0.581787 0.224489 -0.003773 0.008697 0.360696 0.932635
1628410466.765352 -1.508662 -0.629321 0.223206 -0.003443 0.008624 0.377000 0.926167
1628410466.868528 -1.561077 -0.680676 0.223185 -0.002736 0.008142 0.392321 0.919788
1628410466.965750 -1.611139 -0.731428 0.224635 -0.002655 0.008012 0.404830 0.914353
1628410467.065987 -1.661087 -0.784789 0.227164 -0.002343 0.007568 0.411002 0.911600
1628410467.166149 -1.708773 -0.827508 0.228323 -0.002501 0.007764 0.412786 0.910792
1628410468.168114 -1.748736 -0.883131 0.233459 -0.000742 0.006101 0.413309 0.910570
1628410468.268333 -1.721239 -0.850747 0.234390 -0.000860 0.005937 0.425180 0.905089
1628410468.368515 -1.690152 -0.815915 0.232088 -0.000694 0.005609 0.438925 0.898506
1628410468.468903 -1.655152 -0.775830 0.230822 -0.000296 0.005304 0.454645 0.890657
1628410468.568903 -1.616184 -0.735261 0.225951 0.000715 0.004887 0.471283 0.881968
1628410468.670221 -1.577770 -0.680739 0.221986 0.001160 0.004869 0.489267 0.872120
1628410468.769301 -1.541465 -0.624874 0.224169 0.001022 0.005197 0.508034 0.861321
1628410468.869497 -1.506291 -0.560229 0.223876 0.001245 0.004828 0.527250 0.849696
1628410468.969738 -1.473747 -0.499782 0.224682 0.001361 0.004432 0.547272 0.836942
1628410469.069910 -1.440283 -0.435683 0.224667 0.001576 0.004380 0.567344 0.823468
1628410469.170120 -1.408959 -0.365764 0.222781 0.001931 0.004699 0.587591 0.809142
1628410469.271280 -1.380167 -0.300084 0.220584 0.002104 0.004824 0.607890 0.794004
1628410469.370518 -1.359355 -0.232401 0.219123 0.002617 0.004347 0.628104 0.778113
1628410469.470695 -1.342730 -0.160556 0.217886 0.002762 0.004654 0.647715 0.761864
1628410469.570907 -1.329485 -0.087971 0.217100 0.002801 0.004301 0.667555 0.744543
1628410469.673269 -1.320418 -0.010776 0.219186 0.002829 0.003851 0.687306 0.726353
1628410469.771317 -1.311516 0.062931 0.216452 0.003127 0.003754 0.706745 0.707452
1628410469.871556 -1.307883 0.145048 0.211912 0.003496 0.003792 0.726114 0.687555
1628410469.971675 -1.309497 0.223270 0.215491 0.003738 0.003903 0.745005 0.667037
1628410470.071903 -1.313038 0.305166 0.215001 0.003956 0.004078 0.763868 0.645347
1628410470.172073 -1.323738 0.389676 0.216486 0.004584 0.003630 0.782980 0.622020
1628410470.272272 -1.340586 0.473333 0.218344 0.004747 0.003877 0.801314 0.598212
1628410470.372469 -1.360156 0.560031 0.217282 0.005128 0.003897 0.819450 0.573114
1628410470.473688 -1.383926 0.644173 0.223720 0.005380 0.003760 0.837098 0.547014
1628410470.572857 -1.410434 0.726927 0.226274 0.005258 0.003343 0.854040 0.520170
1628410470.674365 -1.443223 0.808295 0.228547 0.005494 0.002898 0.870551 0.492039
1628410470.773736 -1.479475 0.887345 0.226873 0.006703 0.003406 0.886696 0.462292
1628410470.874820 -1.529877 0.966142 0.228379 0.006944 0.004228 0.901572 0.432553
1628410470.973647 -1.581345 1.038500 0.224899 0.007029 0.004883 0.915360 0.402547
1628410471.075021 -1.639073 1.109005 0.223243 0.007726 0.003569 0.928862 0.370328
1628410471.174040 -1.706248 1.171133 0.228752 0.007911 0.003308 0.941398 0.337189
1628410471.274539 -1.774436 1.237920 0.234570 0.008113 0.004082 0.952910 0.303119
1628410471.374435 -1.849313 1.301457 0.241492 0.007997 0.004273 0.963479 0.267630
1628410471.474768 -1.931837 1.354940 0.243067 0.008211 0.005493 0.972694 0.231880
1628410471.575399 -2.020342 1.404958 0.250666 0.008029 0.006146 0.980432 0.196598
1628410471.675103 -2.111105 1.447821 0.253401 0.008323 0.005535 0.987261 0.158798
1628410471.775241 -2.208983 1.486157 0.257862 0.009008 0.006559 0.992660 0.120427
1628410471.876326 -2.303848 1.522034 0.259025 0.009455 0.008788 0.996598 0.081400
1628410471.975701 -2.406281 1.542768 0.256290 0.009805 0.008997 0.999050 0.041501
1628410472.075843 -2.519475 1.547364 0.257096 0.010421 0.010274 0.999890 0.002260
1628410472.176028 -2.629587 1.544691 0.255344 0.010522 0.009685 0.999224 -0.036713
1628410472.277214 -2.737569 1.537661 0.255750 0.011132 0.008762 0.996998 -0.076117
1628410472.376419 -2.846253 1.511852 0.255824 0.011064 0.008102 0.993629 -0.111860
1628410472.476724 -2.977356 1.465884 0.255815 0.010867 0.007672 0.990721 -0.135257
1628410472.576835 -3.114347 1.414838 0.257829 0.011865 0.008601 0.988974 -0.147364
1628410472.677008 -3.240882 1.359935 0.260295 0.011713 0.006724 0.988357 -0.151555
1628410473.278243 -3.921140 1.152525 0.271492 0.010161 -0.000671 0.998789 -0.048143
1628410473.678994 -4.383372 1.100126 0.287572 0.010281 -0.001111 0.997443 0.070711
1628410474.079770 -4.791011 1.179450 0.297301 0.010070 0.000892 0.980628 0.195618
1628410474.480572 -5.129345 1.365828 0.296986 0.007538 0.002132 0.949697 0.313071
1628410474.881365 -5.431773 1.615571 0.293666 0.004258 0.000596 0.904297 0.426883
1628410475.282735 -5.684568 1.939177 0.290198 0.001972 -0.000272 0.841884 0.539655
1628410475.582746 -5.805983 2.233667 0.292098 0.001586 0.000476 0.783356 0.621571
1628410475.883348 -5.875669 2.566074 0.297992 0.000179 -0.000646 0.714363 0.699775
1628410476.183932 -5.872863 2.910718 0.294573 -0.001461 -0.000054 0.635749 0.771895
1628410476.484549 -5.793117 3.246340 0.286830 -0.003391 0.000145 0.548625 0.836062
1628410476.786431 -5.643341 3.559133 0.280880 -0.005890 -0.001240 0.453353 0.891311
1628410477.185911 -5.349053 3.894942 0.280630 -0.005285 -0.001156 0.345330 0.938466
1628410477.486517 -5.067296 4.127810 0.283770 -0.000406 0.003717 0.353482 0.935434
1628410477.586708 -4.970881 4.213315 0.281909 0.000478 0.004055 0.371111 0.928579
1628410477.686887 -4.875887 4.301957 0.280210 0.002098 0.004515 0.389652 0.920949
1628410477.787422 -4.775900 4.398118 0.276027 0.002618 0.005984 0.409096 0.912468
1628410477.887433 -4.683558 4.496016 0.269913 0.003292 0.006517 0.429372 0.903098
1628410477.987487 -4.601449 4.596258 0.269755 0.003613 0.005820 0.449931 0.893037
1628410478.087773 -4.519176 4.694436 0.267048 0.004241 0.005231 0.469587 0.882860
1628410478.188572 -4.438454 4.804114 0.264933 0.004893 0.006369 0.483502 0.875306
1628410478.288085 -4.377928 4.907813 0.262424 0.003885 0.004663 0.486874 0.873451
1628410478.990108 -4.097603 5.333326 0.269435 -0.004124 0.010862 0.394265 0.918923
1628410479.190522 -4.100204 5.331802 0.265745 -0.001845 0.011921 0.395941 0.918197
1628410479.290692 -4.114742 5.311001 0.261706 -0.002491 0.011446 0.402955 0.915145
1628410479.390893 -4.141790 5.283504 0.263052 -0.003286 0.011451 0.416080 0.909250
1628410479.491085 -4.176675 5.244871 0.265396 -0.003060 0.010514 0.432465 0.901584
1628410479.591286 -4.223504 5.190805 0.266887 -0.002363 0.008905 0.452474 0.891730
1628410479.691506 -4.274138 5.130208 0.270090 -0.002746 0.008984 0.476150 0.879314
1628410479.793858 -4.313650 5.067912 0.270732 -0.003362 0.008940 0.502526 0.864509
1628410479.891887 -4.350321 4.999236 0.271103 -0.003916 0.007256 0.531047 0.847302
1628410479.992137 -4.390343 4.920089 0.271726 -0.005390 0.005567 0.560666 0.828006
1628410480.092290 -4.416720 4.837451 0.269572 -0.005804 0.004612 0.590515 0.806993
1628410480.193237 -4.444106 4.744178 0.271550 -0.005313 0.002377 0.620406 0.784259
1628410480.293242 -4.464903 4.644721 0.270507 -0.004800 0.001444 0.650798 0.759234
1628410480.392878 -4.482941 4.546357 0.271363 -0.004933 0.000694 0.680626 0.732614
1628410480.493078 -4.494808 4.442840 0.271095 -0.005455 -0.000240 0.709128 0.705058
1628410480.593394 -4.495584 4.333562 0.272183 -0.005261 -0.001391 0.736495 0.676421
1628410480.693911 -4.494461 4.224654 0.271311 -0.005090 -0.002462 0.763105 0.646249
1628410480.795889 -4.478682 4.118359 0.271986 -0.004407 -0.002740 0.788257 0.615325
1628410480.893871 -4.457639 4.015996 0.271387 -0.003135 -0.003150 0.812288 0.583239
1628410480.994330 -4.422699 3.910412 0.270234 -0.002536 -0.002606 0.834823 0.550506
1628410481.094498 -4.381862 3.808768 0.269768 -0.002213 -0.004268 0.855969 0.517005
1628410481.194465 -4.340077 3.716558 0.269347 -0.002309 -0.006099 0.875632 0.482936
1628410481.294639 -4.283308 3.626589 0.268303 -0.001135 -0.006457 0.893633 0.448750
1628410481.394870 -4.222697 3.541347 0.265061 0.000447 -0.006440 0.910014 0.414526
1628410481.495589 -4.154603 3.464564 0.260581 0.000920 -0.007168 0.925589 0.378461
1628410481.595287 -4.081754 3.394339 0.258529 -0.000384 -0.008658 0.939061 0.343642
1628410481.695614 -4.008363 3.329573 0.260331 -0.000941 -0.008711 0.951169 0.308545
1628410481.795627 -3.929337 3.268603 0.261844 -0.000746 -0.008272 0.961788 0.273670
1628410481.895828 -3.849682 3.215507 0.262370 -0.000162 -0.007750 0.971257 0.237905
1628410481.996125 -3.767071 3.167107 0.256679 -0.000485 -0.009039 0.979194 0.202726
1628410482.096218 -3.684146 3.123378 0.254857 0.000685 -0.009606 0.985707 0.168195
1628410482.196429 -3.597968 3.092223 0.257841 0.001139 -0.010291 0.990939 0.133915
1628410482.296617 -3.502943 3.067088 0.260559 0.002888 -0.009526 0.994996 0.099418
1628410482.396861 -3.412266 3.049730 0.259730 0.003664 -0.009425 0.997840 0.064901
1628410482.497011 -3.319448 3.038848 0.257690 0.003605 -0.010478 0.999469 0.030644
1628410482.597600 -3.224415 3.033223 0.258839 0.004790 -0.009705 0.999940 -0.001506
1628410482.697422 -3.132326 3.029579 0.258181 0.005884 -0.009963 0.999565 -0.027119
1628410482.797629 -3.045996 3.025236 0.256247 0.005610 -0.011082 0.999103 -0.040494
1628410482.897832 -2.968242 3.025387 0.256800 0.006326 -0.010739 0.998936 -0.044407
1628410483.899791 -2.853757 3.051336 0.257260 0.011121 -0.001094 0.998753 -0.048652
1628410483.999981 -2.899916 3.046663 0.258842 0.011247 -0.000918 0.997846 -0.064615
1628410484.100176 -2.955745 3.040801 0.257061 0.010458 -0.000606 0.996426 -0.083821
1628410484.200378 -3.016811 3.031524 0.256953 0.010908 -0.001558 0.994440 -0.104725
1628410484.300601 -3.075916 3.021105 0.259079 0.011009 -0.001577 0.991699 -0.128102
1628410484.400835 -3.142472 3.010108 0.263978 0.011660 -0.000539 0.988250 -0.152401
1628410484.500966 -3.209564 2.993925 0.267023 0.011900 0.001403 0.983833 -0.178689
1628410484.601193 -3.282227 2.971601 0.265870 0.009858 0.002350 0.978763 -0.204744
1628410484.701372 -3.346361 2.948289 0.263629 0.009259 0.002344 0.972721 -0.231780
1628410484.801592 -3.415494 2.922186 0.261960 0.009376 0.001555 0.965612 -0.259813
1628410484.901809 -3.477873 2.884759 0.261960 0.009101 0.001657 0.957654 -0.287774
1628410485.001960 -3.546745 2.841864 0.264021 0.008734 0.002151 0.948648 -0.316205
1628410485.102169 -3.610972 2.799241 0.263887 0.008200 0.003366 0.938843 -0.344231
1628410485.202742 -3.670182 2.750130 0.263434 0.006508 0.002945 0.928046 -0.372396
1628410485.302551 -3.727851 2.697857 0.263707 0.006944 0.002580 0.916435 -0.400115
1628410485.402822 -3.782214 2.640407 0.263147 0.006428 0.001856 0.903822 -0.427857
1628410485.503367 -3.837343 2.579080 0.265682 0.005841 0.001858 0.890291 -0.455351
1628410485.603139 -3.886829 2.516052 0.269477 0.006111 0.002862 0.875876 -0.482489
1628410485.705163 -3.934908 2.442783 0.270573 -0.004755 -0.002476 -0.860652 0.509166
1628410485.803540 -3.972729 2.375436 0.269659 -0.005258 -0.002297 -0.844805 0.535044
1628410485.904668 -4.011523 2.298759 0.268424 -0.005628 -0.002377 -0.827182 0.561901
1628410486.003946 -4.050263 2.222174 0.269638 -0.005521 -0.002474 -0.808823 0.588022
1628410486.104177 -4.087551 2.140848 0.268778 -0.004212 -0.002176 -0.790177 0.612861
1628410486.204356 -4.109352 2.067556 0.268885 -0.004389 -0.001756 -0.769725 0.638359
1628410486.304626 -4.125822 1.983045 0.267912 -0.005006 -0.001031 -0.748022 0.663654
1628410486.405249 -4.136664 1.892338 0.266921 -0.003723 0.000791 -0.726644 0.687004
1628410486.504937 -4.141820 1.812402 0.272461 -0.004185 -0.000471 -0.703165 0.711014
1628410486.605121 -4.144843 1.724698 0.271113 -0.002521 -0.001725 -0.679051 0.734084
1628410486.705346 -4.142286 1.632244 0.268286 -0.001392 -0.000693 -0.654349 0.756191
1628410486.805535 -4.128647 1.545738 0.269512 -0.002466 0.000148 -0.628086 0.778140
1628410486.905715 -4.112671 1.460415 0.270259 -0.003027 0.000752 -0.600561 0.799573
1628410487.006307 -4.091821 1.369486 0.269775 -0.002219 0.001270 -0.571591 0.820535
1628410487.106106 -4.061491 1.286195 0.272275 -0.001548 0.001317 -0.541975 0.840392
1628410487.206301 -4.026967 1.202387 0.273117 -0.001882 0.000749 -0.509975 0.860187
1628410487.306510 -3.979778 1.112169 0.270869 -0.000486 0.001918 -0.478012 0.878351
1628410487.406693 -3.931145 1.023677 0.271922 -0.000108 0.001482 -0.444691 0.895683
1628410487.506899 -3.878497 0.935502 0.274125 -0.000174 0.001143 -0.410399 0.911905
1628410487.607198 -3.805315 0.857247 0.270516 0.000164 0.002206 -0.374769 0.927116
1628410487.707290 -3.724763 0.786559 0.271723 0.000476 0.001927 -0.337402 0.941359
1628410487.807487 -3.642253 0.716008 0.265930 0.002322 0.002246 -0.298961 0.954260
1628410487.907684 -3.553663 0.649394 0.264996 0.003237 0.004544 -0.261998 0.965052
1628410488.007883 -3.458757 0.598404 0.265770 0.002953 0.003075 -0.222927 0.974826
1628410488.108088 -3.370757 0.550606 0.263793 0.003350 0.004225 -0.182490 0.983193
1628410488.208717 -3.270911 0.512189 0.269086 0.003187 0.005235 -0.142204 0.989818
1628410488.308482 -3.182550 0.483050 0.268632 0.004789 0.004818 -0.101609 0.994801
1628410488.409265 -3.079907 0.454324 0.266243 0.005051 0.004566 -0.061903 0.998059
1628410488.508911 -2.956695 0.421604 0.260477 0.005809 0.004558 -0.029440 0.999539
1628410488.609074 -2.866181 0.391574 0.260627 0.004292 0.004522 -0.019216 0.999796
1628410488.709354 -2.783740 0.374016 0.255537 0.002766 0.005434 -0.014056 0.999883
1628410490.112208 -2.543488 0.406252 0.259672 -0.006296 0.014648 0.011573 0.999806
1628410490.212247 -2.628146 0.418625 0.261978 -0.006481 0.014240 0.042435 0.998977
1628410490.312431 -2.714790 0.437776 0.261162 -0.007670 0.013321 0.076999 0.996913
1628410490.412648 -2.805102 0.439847 0.255560 -0.008595 0.012499 0.112719 0.993511
1628410490.512827 -2.884666 0.427408 0.250383 -0.009052 0.012105 0.148073 0.988861
1628410490.613418 -2.959267 0.391626 0.251677 -0.009224 0.012166 0.184740 0.982669
1628410490.713279 -3.036268 0.353095 0.256058 -0.009522 0.011888 0.222679 0.974773
1628410490.813431 -3.132595 0.305936 0.256969 -0.009936 0.011055 0.258594 0.965872
1628410490.913614 -3.236526 0.254941 0.258381 -0.011023 0.009649 0.289646 0.957022
1628410491.013815 -3.336981 0.189295 0.264876 -0.011363 0.007408 0.304480 0.952422
1628410491.114069 -3.451227 0.107686 0.272857 -0.009272 0.006066 0.308414 0.951188
1628410492.216190 -3.680217 -0.035556 0.282234 0.002065 0.001716 0.324069 0.946030
1628410492.316386 -3.606939 0.012527 0.279741 0.002488 0.001150 0.345217 0.938519
1628410492.416669 -3.538677 0.064725 0.278151 0.003839 0.002325 0.366673 0.930339
1628410492.516800 -3.467449 0.122518 0.275130 0.004929 0.002909 0.390817 0.920451
1628410492.616999 -3.395417 0.184414 0.275010 0.005918 0.003984 0.415033 0.909778
1628410492.717192 -3.329437 0.249159 0.272041 0.006466 0.004422 0.439934 0.897996
1628410492.817371 -3.274323 0.320856 0.268967 0.006980 0.004309 0.465225 0.885155
1628410492.918083 -3.219821 0.396508 0.270186 0.007455 0.005371 0.490726 0.871266
1628410493.017765 -3.168574 0.472655 0.269875 0.009012 0.005042 0.516154 0.856434
1628410493.117963 -3.120786 0.555949 0.268567 0.008854 0.005550 0.541808 0.840437
1628410493.218176 -3.078235 0.642554 0.265251 0.009727 0.005243 0.566970 0.823665
1628410493.318359 -3.044630 0.735198 0.261444 0.009610 0.005594 0.591748 0.806046
1628410493.418566 -3.014295 0.824069 0.260013 0.009577 0.005680 0.615958 0.787701
1628410493.518809 -2.988736 0.922048 0.260138 0.009450 0.006810 0.639155 0.768990
1628410493.618975 -2.975178 1.023546 0.258951 0.008679 0.007243 0.662510 0.748968
1628410493.719152 -2.968451 1.112575 0.259106 0.008677 0.007534 0.685148 0.728313
1628410493.821148 -2.961597 1.207948 0.261421 0.008524 0.008278 0.706728 0.707386
1628410493.919541 -2.953794 1.301459 0.261674 0.009255 0.009487 0.727148 0.686352
1628410494.019748 -2.955201 1.392544 0.262350 0.009580 0.009737 0.746992 0.664692
1628410494.119956 -2.961453 1.486244 0.261836 0.009194 0.008834 0.765989 0.642727
1628410494.220175 -2.973031 1.580234 0.262626 0.009287 0.008719 0.783857 0.620811
1628410494.320360 -2.987182 1.674332 0.265442 0.009268 0.008943 0.801406 0.597982
1628410494.420537 -3.007010 1.768652 0.262023 0.009457 0.008549 0.817765 0.575410
1628410494.520747 -3.034122 1.852110 0.260533 0.009877 0.008893 0.833127 0.552921
1628410494.621195 -3.067794 1.927082 0.261957 0.010158 0.007597 0.847729 0.530278
1628410494.721144 -3.106884 2.002339 0.264107 0.010029 0.007325 0.861853 0.507006
1628410494.821339 -3.143315 2.076095 0.266337 0.010215 0.007818 0.874735 0.484431
1628410494.921841 -3.190438 2.147985 0.266212 0.009816 0.007309 0.887139 0.461340
1628410495.021751 -3.240918 2.213363 0.265778 0.010101 0.007413 0.898543 0.438707
1628410495.121918 -3.291078 2.273696 0.264667 0.010359 0.006683 0.909429 0.415677
1628410495.222135 -3.349551 2.330238 0.265576 0.010176 0.006893 0.919816 0.392157
1628410495.322325 -3.408934 2.383324 0.267331 0.010193 0.005536 0.929492 0.368659
1628410495.422612 -3.468459 2.437683 0.263083 0.009677 0.006482 0.938771 0.344344
1628410495.522731 -3.528617 2.495025 0.268649 0.008866 0.007828 0.947031 0.320925
1628410495.622985 -3.588259 2.540399 0.271090 0.009853 0.006625 0.955030 0.296270
1628410495.723117 -3.661358 2.588258 0.268437 0.009122 0.005750 0.962380 0.271492
1628410495.823575 -3.731220 2.633415 0.266749 0.008486 0.006487 0.969128 0.246327
1628410495.923511 -3.801779 2.678189 0.266894 0.008593 0.008255 0.974944 0.222132
1628410496.023726 -3.874132 2.724633 0.268094 0.007614 0.007960 0.980282 0.197299
1628410496.123891 -3.948555 2.756730 0.270993 0.006610 0.006885 0.984981 0.172398
1628410496.224160 -4.024741 2.785138 0.271491 0.006020 0.006185 0.989058 0.147276
1628410496.324314 -4.101777 2.810088 0.272291 0.007005 0.006916 0.992537 0.121543
1628410496.424503 -4.180946 2.839571 0.272243 0.006924 0.007702 0.995351 0.095755
1628410496.524683 -4.249753 2.866750 0.273733 0.005869 0.008186 0.997442 0.070765
1628410496.624905 -4.325424 2.881841 0.277464 0.006783 0.007617 0.999006 0.043383
1628410496.725184 -4.403602 2.895515 0.277884 0.007599 0.007499 0.999812 0.016187
1628410496.825281 -4.480522 2.902700 0.279208 0.007347 0.006739 0.999906 -0.009417
1628410496.925500 -4.557182 2.908954 0.278411 0.007492 0.007107 0.999288 -0.036282
1628410497.025698 -4.639294 2.906469 0.277460 0.007155 0.006805 0.997952 -0.063202
1628410497.125910 -4.720773 2.898347 0.281251 0.007655 0.006351 0.995888 -0.090040
1628410497.226073 -4.804375 2.885574 0.280155 0.007801 0.005261 0.993122 -0.116707
1628410497.326284 -4.894218 2.863288 0.279561 0.007549 0.004479 0.989599 -0.143585
1628410497.426464 -4.975061 2.843822 0.280086 0.007649 0.005188 0.985541 -0.169182
1628410497.526676 -5.061203 2.814705 0.283161 0.007250 0.005313 0.982521 -0.185933
1628410497.626865 -5.144395 2.781619 0.287511 0.007683 0.005018 0.981769 -0.189854
1628410498.528640 -5.888392 2.509470 0.294675 0.006470 -0.000484 0.996664 -0.081358
1628410499.129829 -6.382612 2.448642 0.303555 0.005732 0.000166 0.999449 0.032684
1628410499.630816 -6.733175 2.502929 0.310376 0.006736 0.000057 0.990188 0.139579
1628410500.231992 -7.111817 2.599085 0.310126 0.005890 0.000903 0.966600 0.256220
1628410500.733026 -7.405686 2.769515 0.314482 0.006518 0.001468 0.935772 0.352541
1628410501.233994 -7.656261 3.012844 0.321329 0.006458 0.001410 0.891593 0.452789
1628410501.734991 -7.853393 3.325556 0.316267 0.004934 0.002299 0.833429 0.552600
1628410502.137670 -7.973234 3.635180 0.329328 0.004608 0.001897 0.773273 0.634053
1628410502.536549 -8.020899 4.002583 0.333941 0.003364 0.000996 0.701124 0.713031
1628410502.937417 -7.988387 4.369966 0.331065 -0.000071 0.002543 0.615186 0.788378
1628410503.338134 -7.891361 4.722839 0.328563 -0.001144 0.003340 0.516280 0.856413
1628410503.738906 -7.725378 5.017206 0.319901 -0.003493 0.002610 0.408690 0.912663
1628410504.139769 -7.481947 5.251536 0.312051 -0.002331 0.002364 0.302877 0.953024
1628410504.740891 -6.977128 5.585995 0.306265 0.002817 0.004257 0.312540 0.949891
1628410504.841201 -6.890904 5.650031 0.307240 0.002376 0.004053 0.328189 0.944600
1628410504.941304 -6.809236 5.711604 0.306632 0.003133 0.003803 0.344268 0.938858
1628410505.041493 -6.736872 5.773365 0.308049 0.004318 0.004052 0.361767 0.932250
1628410505.141731 -6.662434 5.840489 0.308237 0.005085 0.004582 0.378706 0.925492
1628410505.241877 -6.593828 5.907169 0.307629 0.004978 0.003941 0.396032 0.918215
1628410505.342122 -6.527201 5.973572 0.306859 0.005423 0.003639 0.414020 0.910244
1628410505.442294 -6.462869 6.045724 0.304769 0.004906 0.004505 0.431401 0.902136
1628410505.542519 -6.398944 6.111810 0.304025 0.005660 0.005269 0.448022 0.893989
1628410505.642676 -6.344399 6.180669 0.304755 0.005930 0.005264 0.464523 0.885526
1628410505.742918 -6.290614 6.256319 0.304243 0.005624 0.004536 0.481125 0.876622
1628410505.843060 -6.236027 6.332501 0.303709 0.005884 0.004483 0.497299 0.867548
1628410505.943461 -6.184805 6.409419 0.302033 0.005809 0.004341 0.512511 0.858650
1628410506.043548 -6.141795 6.489327 0.300260 0.006208 0.004921 0.522424 0.852649
1628410506.143718 -6.103370 6.571255 0.298922 0.005932 0.004276 0.522591 0.852552
1628410506.845057 -5.843612 7.026896 0.302431 0.000216 0.009229 0.431097 0.902258
1628410507.245835 -5.832969 7.029758 0.299997 0.001797 0.008586 0.435369 0.900209
1628410507.346040 -5.849500 7.013416 0.299385 0.000647 0.009229 0.445134 0.895416
1628410507.447689 -5.872956 6.987247 0.298198 0.000779 0.009740 0.457341 0.889238
1628410507.546557 -5.895130 6.953173 0.299413 0.001932 0.009024 0.471509 0.881813
1628410507.646620 -5.920163 6.910877 0.302771 0.001764 0.008767 0.488874 0.872309
1628410507.746823 -5.943985 6.863248 0.307287 0.001531 0.007485 0.507951 0.861352
1628410507.847025 -5.973130 6.811348 0.307041 0.000705 0.006468 0.527953 0.849248
1628410507.947213 -6.002409 6.751728 0.308530 0.000830 0.006409 0.548518 0.836114
1628410508.047450 -6.039649 6.681136 0.307793 0.000935 0.005701 0.565708 0.824586
1628410508.147622 -6.078219 6.600753 0.307434 0.000736 0.005509 0.577909 0.816083
1628410508.247808 -6.112240 6.520256 0.305459 0.000854 0.005440 0.584050 0.811699
1628410509.249909 -6.407789 5.801761 0.302883 0.004472 0.006280 0.487994 0.872813
1628410509.853565 -6.592612 5.535553 0.302516 0.004148 0.007524 0.391013 0.920345
1628410510.351952 -6.823727 5.313841 0.302872 0.005168 0.008522 0.293212 0.955995
1628410510.752754 -7.105510 5.130509 0.307805 0.003534 0.008522 0.193238 0.981109
1628410511.153548 -7.442505 5.028314 0.309480 0.004944 0.008098 0.077430 0.996953
1628410511.555866 -7.811734 4.993620 0.314907 0.005138 0.007866 -0.048339 0.998787
1628410513.157909 -8.149936 5.054499 0.325838 -0.005745 0.000280 -0.171663 0.985139
1628410513.558621 -7.852113 4.953365 0.312158 -0.008103 0.001386 -0.287198 0.957836
1628410513.959069 -7.562824 4.730831 0.317659 -0.012062 0.005754 -0.412661 0.910787
1628410514.259659 -7.376390 4.518795 0.321147 -0.014116 0.007963 -0.504482 0.863270
1628410515.161877 -7.071177 3.618974 0.308648 -0.001822 0.005611 -0.503472 0.863992
1628410515.261741 -7.031936 3.548619 0.306916 -0.000865 0.005313 -0.478504 0.878069
1628410515.361857 -6.984671 3.479854 0.307054 -0.001575 0.005131 -0.452609 0.891693
1628410515.465150 -6.935357 3.415089 0.306056 -0.000128 0.005522 -0.426030 0.904692
1628410515.562289 -6.875293 3.361192 0.307053 -0.000042 0.005662 -0.399732 0.916614
1628410515.662541 -6.815701 3.304504 0.306231 -0.000133 0.005850 -0.372885 0.927859
1628410515.762637 -6.757128 3.255433 0.303740 -0.000072 0.005649 -0.344877 0.938631
1628410515.862824 -6.693665 3.204908 0.299503 0.000070 0.005510 -0.316605 0.948541
1628410515.964061 -6.626983 3.150915 0.298875 0.000228 0.005337 -0.288780 0.957381
1628410516.063244 -6.559160 3.108101 0.300314 0.001952 0.006527 -0.262894 0.964801
1628410516.163709 -6.489472 3.067471 0.296930 0.002800 0.006461 -0.235483 0.971853
1628410516.264892 -6.416090 3.031259 0.297468 0.001811 0.005067 -0.206568 0.978417
1628410516.363839 -6.340286 2.999799 0.297844 0.001241 0.005793 -0.177923 0.984027
1628410516.464497 -6.261398 2.970719 0.295489 0.001376 0.006344 -0.148626 0.988872
1628410516.564626 -6.183463 2.955299 0.293447 0.002803 0.005531 -0.119674 0.992794
1628410516.664512 -6.102254 2.935805 0.290672 0.003987 0.005408 -0.090633 0.995862
1628410516.764612 -6.024852 2.912758 0.293687 0.003509 0.004992 -0.060827 0.998130
1628410516.865228 -5.949294 2.897305 0.294500 0.002537 0.005049 -0.029928 0.999536
1628410516.966513 -5.869755 2.891926 0.295384 0.002379 0.004819 0.001686 0.999984
1628410517.065202 -5.781621 2.891055 0.291646 0.003394 0.005571 0.031533 0.999481
1628410517.165497 -5.697471 2.893452 0.291867 0.004764 0.006737 0.061330 0.998083
1628410517.266021 -5.614975 2.901821 0.290274 0.003751 0.004403 0.087521 0.996146
1628410517.365834 -5.528982 2.912223 0.289460 0.002920 0.004546 0.105207 0.994436
1628410517.465986 -5.447130 2.922648 0.286628 0.002972 0.004889 0.115950 0.993239
1628410517.566185 -5.366560 2.939212 0.286335 0.003125 0.004987 0.116572 0.993165
1628410518.167431 -4.835407 3.024392 0.283647 -0.004132 0.005047 -0.009216 0.999936
1628410518.568640 -4.438378 3.002898 0.279727 -0.005479 0.005462 -0.122760 0.992406
1628410518.968952 -4.065083 2.913302 0.278009 -0.007562 0.003425 -0.235753 0.971778
1628410519.369742 -3.747456 2.755114 0.274902 -0.007622 0.006308 -0.347338 0.937688
1628410519.770597 -3.477456 2.511791 0.270712 -0.008798 0.007924 -0.457835 0.888959
1628410520.171364 -3.257802 2.190354 0.269007 -0.009439 0.008814 -0.567641 0.823175
1628410520.572107 -3.131886 1.804369 0.265412 -0.011884 0.009320 -0.671996 0.740401
1628410521.373692 -3.110998 0.924159 0.266304 -0.005249 0.003738 -0.655882 0.754836
1628410521.473910 -3.112597 0.805033 0.266390 -0.002743 0.002455 -0.630123 0.776486
1628410521.575462 -3.106440 0.677529 0.267454 -0.000769 0.002248 -0.603087 0.797672
1628410521.674309 -3.088294 0.564317 0.266625 0.000108 0.002733 -0.574350 0.818605
1628410521.774634 -3.062100 0.456032 0.267807 -0.000518 0.003124 -0.543518 0.839391
1628410521.874682 -3.035500 0.346346 0.267143 -0.000024 0.002690 -0.511399 0.859339
1628410521.974876 -3.001971 0.241052 0.270055 -0.000230 0.002989 -0.479558 0.877505
1628410522.076538 -2.953992 0.146945 0.266843 0.000051 0.003093 -0.445856 0.895099
1628410522.177138 -2.894044 0.069656 0.268524 0.000424 0.002235 -0.411407 0.911449
1628410522.275471 -2.829622 -0.001010 0.271165 -0.000242 0.003364 -0.376782 0.926296
1628410522.375669 -2.758465 -0.072944 0.273129 -0.000120 0.003497 -0.340384 0.940280
1628410522.475871 -2.677450 -0.137705 0.275894 0.000661 0.003496 -0.304121 0.952627
1628410522.576094 -2.589156 -0.191181 0.277058 0.001869 0.004637 -0.268825 0.963176
1628410522.676446 -2.500605 -0.244803 0.270282 0.002500 0.004345 -0.230825 0.972982
1628410522.776483 -2.404312 -0.289290 0.269884 0.001946 0.004354 -0.192359 0.981313
1628410522.878012 -2.305976 -0.335311 0.269840 0.002517 0.004992 -0.152976 0.988214
1628410522.976851 -2.205042 -0.370588 0.267702 0.003952 0.004543 -0.113263 0.993547
1628410523.077061 -2.091631 -0.387718 0.266679 0.004511 0.004639 -0.073619 0.997265
1628410523.177248 -1.981759 -0.397784 0.259932 0.005460 0.004338 -0.033005 0.999431
1628410523.277448 -1.872310 -0.402824 0.257748 0.005082 0.004246 0.010548 0.999922
1628410523.377698 -1.750666 -0.385830 0.256355 0.006436 0.005289 0.051482 0.998639
1628410523.477852 -1.626821 -0.358265 0.252018 0.007224 0.004975 0.093398 0.995590
1628410523.578041 -1.498470 -0.327630 0.250295 0.008535 0.003831 0.135759 0.990698
1628410523.678241 -1.378396 -0.289734 0.250206 0.008108 0.004984 0.179482 0.983715
1628410523.778430 -1.261631 -0.241172 0.250868 0.008482 0.005897 0.222883 0.974790
1628410523.878645 -1.154592 -0.179712 0.252072 0.008673 0.006343 0.265686 0.964000
1628410523.978855 -1.048529 -0.109471 0.248821 0.008819 0.006009 0.308947 0.951019
1628410524.079055 -0.941181 -0.038032 0.246787 0.010516 0.006403 0.351268 0.936194
1628410524.179242 -0.850716 0.041299 0.245392 0.009843 0.006582 0.393551 0.919226
1628410524.279506 -0.760647 0.131107 0.239748 0.009494 0.007604 0.434509 0.900585
1628410524.379652 -0.681629 0.224992 0.241493 0.009803 0.007468 0.474108 0.880380
1628410524.479828 -0.609273 0.325232 0.241146 0.009542 0.007145 0.513459 0.858031
1628410524.580024 -0.551533 0.430038 0.242160 0.009531 0.007289 0.551151 0.834319
1628410524.681219 -0.503017 0.538755 0.244504 0.009086 0.008278 0.587540 0.809102
1628410524.780406 -0.470067 0.648991 0.245482 0.009724 0.007074 0.622623 0.782430
1628410524.880627 -0.443683 0.761878 0.250285 0.009406 0.007963 0.656677 0.754071
1628410524.980819 -0.421510 0.883039 0.251881 0.009983 0.007701 0.690125 0.723580
1628410525.081003 -0.415114 1.002006 0.249922 0.010136 0.008643 0.721714 0.692063
1628410525.181432 -0.417449 1.119092 0.248658 0.010223 0.009112 0.751120 0.660024
1628410525.281464 -0.426958 1.231112 0.245722 0.009359 0.008189 0.779332 0.626487
1628410525.383559 -0.456445 1.348098 0.243719 0.009344 0.007624 0.807287 0.590036
1628410525.481809 -0.470632 1.481526 0.244537 0.009644 0.008640 0.831618 0.555197
1628410525.582063 -0.502315 1.606500 0.240945 0.009126 0.007560 0.853808 0.520453
1628410525.682202 -0.537133 1.712821 0.242181 0.009464 0.007889 0.868605 0.495352
1628410525.782658 -0.596915 1.812554 0.248620 0.008570 0.007473 0.877354 0.479708
1628410525.882623 -0.668394 1.900001 0.248914 0.007212 0.006031 0.881289 0.472484
1628410526.684638 -1.221245 2.591033 0.260114 0.001253 0.000956 0.829658 0.558270
1628410527.285395 -1.401394 3.104003 0.258770 0.000619 0.001217 0.760359 0.649501
1628410527.886547 -1.439393 3.611574 0.262363 0.001764 -0.001819 0.682470 0.730909
1628410528.187149 -1.445767 3.846717 0.263254 0.001855 0.000163 0.684599 0.728917
1628410528.287351 -1.444787 3.919396 0.264633 0.003264 0.001969 0.697851 0.716233
1628410528.387524 -1.447404 3.980101 0.263117 0.003235 0.003179 0.710960 0.703218
1628410528.487742 -1.452346 4.033078 0.263420 0.002035 0.003021 0.722841 0.691005
1628410528.587949 -1.453822 4.076895 0.263731 0.000295 0.002109 0.731569 0.681765
1628410528.783813 -1.459712 4.110980 0.261614 -0.000721 0.002860 0.737397 0.675453
1628410529.690721 -1.407317 3.799646 0.262220 0.002753 0.005283 0.652763 0.757539
1628410530.091495 -1.458846 3.522647 0.260345 0.002847 0.005809 0.566122 0.824296
1628410530.492304 -1.594758 3.225057 0.259605 0.004926 0.005610 0.460860 0.887442
1628410530.893783 -1.806401 2.966337 0.258850 0.005319 0.006894 0.341619 0.939798
1628410531.193994 -2.028048 2.805533 0.259673 0.005091 0.006064 0.245784 0.969292
1628410531.494375 -2.277447 2.689466 0.267334 0.007888 0.006174 0.143836 0.989551
1628410531.794861 -2.549368 2.617258 0.263056 0.007004 0.006669 0.037589 0.999246
1628410532.095441 -2.839165 2.596920 0.266430 0.007027 0.006725 -0.071208 0.997414
1628410532.396040 -3.129420 2.645438 0.269518 0.005747 0.006664 -0.181265 0.983395
1628410532.696643 -3.411510 2.734574 0.273022 0.006551 0.004938 -0.294271 0.955687
1628410532.997218 -3.658129 2.902515 0.274151 0.004225 0.003726 -0.400680 0.916201
1628410533.299489 -3.896061 3.150446 0.272195 0.004015 0.001125 -0.503440 0.864020
1628410533.598403 -4.060278 3.445633 0.274742 0.004820 0.001969 -0.601430 0.798909
1628410533.899029 -4.149630 3.744674 0.274977 0.004838 0.001302 -0.692380 0.721516
1628410535.401971 -4.062872 4.124340 0.277454 -0.011902 0.001382 -0.764039 0.645059
1628410535.802759 -4.138043 3.738101 0.273458 -0.012614 0.007310 -0.839258 0.543537
1628410536.103346 -4.283583 3.426042 0.277230 0.013058 -0.009246 0.892416 -0.450929
1628410536.404007 -4.500425 3.144129 0.281303 0.012528 -0.010132 0.937047 -0.348832
1628410536.704531 -4.763328 2.923262 0.284170 0.011733 -0.010854 0.969808 -0.243347
1628410537.005133 -5.051508 2.803171 0.284588 0.009479 -0.010151 0.990619 -0.135942
1628410537.306707 -5.345513 2.730595 0.287008 0.007982 -0.011281 0.999399 -0.031806
1628410537.706514 -5.730413 2.740698 0.295056 0.005988 -0.007270 0.995251 0.096890
1628410538.107297 -6.076889 2.834594 0.298737 0.004746 -0.006838 0.975807 0.218477
1628410538.508133 -6.386558 3.006633 0.300402 0.004635 -0.006875 0.942435 0.334288
1628410538.908887 -6.654269 3.258204 0.303867 0.003080 -0.005162 0.893936 0.448155
1628410539.309672 -6.838222 3.571253 0.308467 0.002377 -0.004046 0.828645 0.559754
1628410539.610549 -6.943146 3.844445 0.311723 0.000327 -0.004220 0.768585 0.639734
1628410539.910861 -6.982324 4.155912 0.305943 -0.000658 -0.004109 0.696197 0.717839
1628410540.211449 -6.952135 4.496534 0.308440 -0.003190 -0.003930 0.612365 0.790559
1628410540.512048 -6.862864 4.796978 0.305339 -0.003962 -0.004022 0.517795 0.855486
1628410540.812632 -6.695271 5.091263 0.304063 -0.006946 -0.002244 0.414260 0.910130
1628410541.114985 -6.461079 5.334582 0.303472 -0.007809 -0.002050 0.302216 0.953205
1628410541.413839 -6.162944 5.520746 0.301361 -0.009307 -0.000078 0.185774 0.982548
1628410541.714411 -5.801502 5.637977 0.294474 -0.009944 0.001211 0.063207 0.997950
1628410542.015327 -5.422390 5.689727 0.287560 -0.011684 0.001150 -0.062437 0.997980
1628410542.415824 -4.939298 5.598959 0.287171 -0.009033 0.003626 -0.164003 0.986412
1628410542.515989 -4.837415 5.542284 0.285262 -0.006506 0.003350 -0.157513 0.987490
1628410542.616229 -4.731276 5.483699 0.283977 -0.003316 0.004541 -0.141027 0.989990
1628410542.716388 -4.616445 5.429120 0.284342 0.000693 0.005052 -0.118788 0.992907
1628410542.816588 -4.507287 5.376029 0.282821 0.003568 0.005328 -0.091670 0.995769
1628410542.916808 -4.381727 5.334780 0.282706 0.006148 0.004343 -0.064384 0.997897
1628410543.016999 -4.252059 5.305775 0.280981 0.006502 0.004412 -0.036145 0.999316
1628410543.117470 -4.117364 5.285992 0.279620 0.007632 0.003381 -0.007494 0.999937
1628410543.217403 -3.981924 5.285272 0.279779 0.006839 0.003396 0.019453 0.999782
1628410543.317874 -3.842732 5.291265 0.278952 0.006318 0.003485 0.033547 0.999411
1628410543.918758 -3.084378 5.412377 0.280297 -0.002691 0.001407 -0.084620 0.996409
1628410544.219355 -2.742696 5.345922 0.274774 -0.003039 0.004413 -0.191029 0.981570
1628410544.520219 -2.450071 5.175072 0.277552 -0.004085 0.002759 -0.295997 0.955176
1628410544.820538 -2.196976 4.941870 0.274134 -0.004913 0.004377 -0.394855 0.918720
1628410545.121127 -1.990341 4.678031 0.274101 -0.004650 0.004915 -0.489495 0.871980
1628410545.421726 -1.816462 4.390441 0.269201 -0.004842 0.008768 -0.581364 0.813582
1628410546.323503 -1.495444 3.441743 0.265997 0.003722 0.001763 -0.557112 0.830427
1628410546.423695 -1.429065 3.329926 0.263990 0.005884 0.000586 -0.527661 0.849434
1628410546.523952 -1.355951 3.222780 0.260268 0.005695 0.000448 -0.497129 0.867658
1628410546.624505 -1.272635 3.120897 0.259385 0.006316 0.000078 -0.464861 0.885361
1628410546.724292 -1.187867 3.028285 0.258349 0.007339 0.000174 -0.431611 0.902030
1628410546.829737 -1.090463 2.934648 0.257527 0.007252 0.000734 -0.396495 0.918008
1628410546.924695 -1.000556 2.844222 0.256382 0.008253 0.000893 -0.361447 0.932356
1628410547.027186 -0.903210 2.757376 0.252947 0.009379 0.002065 -0.326394 0.945185
1628410547.125079 -0.804022 2.679106 0.250940 0.009047 0.002447 -0.290203 0.956919
1628410547.225606 -0.700841 2.602947 0.249624 0.009547 0.001858 -0.253520 0.967281
1628410547.325476 -0.595177 2.523162 0.250723 0.009394 0.002070 -0.217657 0.975978
1628410547.425683 -0.495227 2.450175 0.248654 0.009732 0.002185 -0.182247 0.983202
1628410547.525871 -0.384255 2.399980 0.249026 0.009687 0.001980 -0.147570 0.989002
1628410547.626172 -0.284517 2.350729 0.250566 0.009475 0.001495 -0.114700 0.993354
1628410547.726566 -0.179321 2.307897 0.250203 0.010610 0.001423 -0.082608 0.996525
1628410547.826674 -0.074755 2.268825 0.252580 0.011027 0.001171 -0.055314 0.998407
1628410547.926671 0.032699 2.240157 0.252866 0.009988 0.001179 -0.034790 0.999344
1628410548.026876 0.144264 2.208838 0.253607 0.009600 0.001087 -0.022692 0.999696
1628410548.127136 0.252489 2.185277 0.252658 0.008298 0.001541 -0.021540 0.999732
1628410548.628127 0.762341 2.004417 0.250217 -0.002297 0.004451 -0.129774 0.991531
1628410549.129080 1.114933 1.853263 0.242424 0.001505 0.010890 -0.232140 0.972620
1628410549.529881 1.169393 1.940870 0.251920 0.004114 0.009862 -0.229118 0.973340
1628410549.630036 1.165592 1.980845 0.254152 0.004102 0.010287 -0.219362 0.975581
1628410549.730294 1.153970 2.024178 0.257496 0.004014 0.009788 -0.207829 0.978108
1628410549.830431 1.139469 2.069728 0.254607 0.003586 0.009098 -0.193213 0.981108
1628410549.930638 1.114090 2.118922 0.253062 0.002881 0.009131 -0.174786 0.984560
1628410550.030826 1.075417 2.164560 0.252034 0.001927 0.009075 -0.154520 0.987946
1628410550.131029 1.031231 2.205008 0.250882 0.000157 0.009408 -0.132878 0.991088
1628410550.232042 0.984870 2.242150 0.252039 -0.001205 0.008173 -0.111066 0.993779
1628410550.331415 0.929781 2.273364 0.249918 -0.002321 0.007984 -0.087460 0.996133
1628410550.431614 0.864806 2.294318 0.250521 -0.002189 0.007211 -0.062665 0.998006
1628410550.531829 0.798567 2.311454 0.252633 -0.002253 0.006676 -0.038084 0.999250
1628410550.632005 0.726950 2.323409 0.250527 -0.001677 0.006066 -0.012245 0.999905
1628410550.734097 0.648604 2.330154 0.251884 -0.001810 0.005813 0.013232 0.999894
1628410550.832409 0.575960 2.338162 0.253594 -0.002206 0.005713 0.039774 0.999190
1628410550.932600 0.498574 2.333641 0.252436 -0.003507 0.005854 0.066245 0.997780
1628410551.032787 0.415108 2.319514 0.251162 -0.004672 0.005354 0.091989 0.995735
1628410551.135242 0.327455 2.298466 0.251712 -0.004438 0.004289 0.118760 0.992904
1628410551.233202 0.252099 2.271031 0.252233 -0.003574 0.003985 0.144918 0.989429
1628410551.333833 0.174757 2.240848 0.254218 -0.003536 0.003490 0.171302 0.985206
1628410551.433581 0.092816 2.206948 0.255068 -0.003469 0.002915 0.198207 0.980150
1628410551.533816 0.015665 2.168668 0.255731 -0.004177 0.002706 0.224165 0.974539
1628410551.633997 -0.054176 2.127348 0.252917 -0.003811 0.002422 0.250553 0.968092
1628410551.734256 -0.125630 2.077683 0.248426 -0.004289 0.003211 0.276019 0.961137
1628410551.834376 -0.197611 2.031527 0.247954 -0.003851 0.002366 0.301733 0.953382
1628410551.935297 -0.267004 1.980182 0.249401 -0.004475 0.002216 0.328632 0.944445
1628410552.034782 -0.332860 1.933338 0.248072 -0.004084 0.001679 0.354863 0.934908
1628410552.135068 -0.395893 1.878471 0.248890 -0.004027 0.000977 0.382322 0.924020
1628410552.235172 -0.453262 1.815459 0.250267 -0.004309 0.001053 0.410013 0.912069
1628410552.335371 -0.512617 1.749417 0.252588 -0.004620 0.001517 0.437958 0.898982
1628410552.435565 -0.571253 1.674456 0.252274 -0.005262 0.000767 0.466177 0.884675
1628410552.537639 -0.629373 1.593808 0.250550 -0.005821 0.000594 0.495095 0.868819
1628410552.635960 -0.681790 1.511206 0.247712 -0.005621 0.000297 0.523914 0.851753
1628410552.736148 -0.730996 1.416325 0.246320 -0.004661 0.000610 0.553032 0.833146
1628410552.836376 -0.774150 1.318026 0.248554 -0.004573 -0.000572 0.581985 0.813186
1628410552.936557 -0.818123 1.215967 0.249219 -0.006171 -0.000933 0.610339 0.792116
1628410553.036753 -0.852474 1.110944 0.250514 -0.006620 -0.002382 0.638996 0.769178
1628410553.137145 -0.879687 1.001980 0.251461 -0.006112 -0.003312 0.667181 0.744863
1628410553.237152 -0.899262 0.899226 0.250389 -0.006617 -0.002363 0.694647 0.719316
1628410553.337337 -0.913079 0.790741 0.251307 -0.005879 -0.002776 0.722290 0.691560
1628410553.437530 -0.920126 0.677509 0.252808 -0.005819 -0.002448 0.748338 0.663287
1628410553.537797 -0.914232 0.559392 0.254588 -0.005523 -0.003265 0.773164 0.634174
1628410553.637932 -0.903733 0.440727 0.254265 -0.005299 -0.003381 0.797069 0.603856
1628410553.738124 -0.888556 0.323465 0.258725 -0.005137 -0.004020 0.819893 0.572480
1628410553.838417 -0.857049 0.206941 0.259840 -0.004491 -0.004836 0.841811 0.539731
1628410553.938687 -0.808660 0.092484 0.257261 -0.003901 -0.005141 0.862751 0.505588
1628410554.038742 -0.770858 -0.026398 0.253741 -0.003948 -0.006581 0.881628 0.471883
1628410554.138911 -0.718698 -0.140237 0.250205 -0.003409 -0.007039 0.899394 0.437068
1628410554.239117 -0.663159 -0.248145 0.250136 -0.002428 -0.007087 0.915760 0.401656
1628410554.339314 -0.594730 -0.356068 0.246698 -0.001047 -0.006922 0.931085 0.364734
1628410554.439529 -0.523768 -0.452109 0.247543 -0.001874 -0.009531 0.944750 0.327648
1628410554.539702 -0.443401 -0.536514 0.249342 -0.001330 -0.010683 0.956753 0.290701
1628410554.639916 -0.356411 -0.611714 0.247671 -0.001596 -0.010174 0.967558 0.252441
1628410554.740106 -0.262519 -0.674893 0.248112 -0.001047 -0.010057 0.976645 0.214620
1628410554.842143 -0.157681 -0.731971 0.248066 0.000201 -0.010909 0.984231 0.176551
1628410554.940533 -0.051881 -0.770511 0.246805 0.000398 -0.010676 0.990136 0.139700
1628410555.040690 0.056850 -0.808707 0.248946 0.000397 -0.011651 0.994471 0.104361
1628410555.140893 0.161071 -0.837904 0.251849 0.001919 -0.010814 0.997103 0.075271
1628410555.241083 0.253004 -0.869178 0.251966 0.003345 -0.011198 0.998100 0.060489
1628410555.341292 0.353514 -0.882360 0.251997 0.004865 -0.009717 0.998462 0.054373
1628410556.343261 0.659206 -0.842671 0.243418 0.014018 0.000510 0.999048 0.041311
1628410556.443503 0.612615 -0.828650 0.247388 0.013533 0.000357 0.999711 0.019842
1628410556.543676 0.557589 -0.820729 0.248230 0.013817 0.000485 0.999895 -0.004409
1628410556.643851 0.496696 -0.809060 0.244937 0.014264 0.002232 0.999384 -0.031972
1628410556.744062 0.418848 -0.803978 0.241384 0.012263 0.003209 0.998033 -0.061402
1628410556.844255 0.338844 -0.806273 0.239845 0.011764 0.005990 0.995638 -0.092365
1628410556.944443 0.248500 -0.818996 0.240113 0.008956 0.006872 0.992199 -0.124156
1628410557.044690 0.161497 -0.832875 0.239584 0.008833 0.007837 0.987348 -0.158125
1628410557.145416 0.071145 -0.858472 0.241723 0.007745 0.008094 0.981311 -0.192100
1628410557.245248 -0.028160 -0.899558 0.245066 0.006798 0.007928 0.974089 -0.225924
1628410557.345616 -0.122235 -0.948620 0.247320 0.005726 0.007973 0.965518 -0.260150
1628410557.445501 -0.207433 -0.998728 0.248618 0.005860 0.008002 0.956314 -0.292172
1628410557.545634 -0.295581 -1.049342 0.248049 0.005879 0.008305 0.948283 -0.317264
1628410557.645827 -0.388800 -1.107144 0.248821 0.006142 0.008741 0.941591 -0.336588
1628410557.746051 -0.484535 -1.172523 0.250920 0.005110 0.008160 0.935304 -0.353715
1628410557.846234 -0.575476 -1.243710 0.255201 0.005027 0.007001 0.929853 -0.367830
1628410557.946424 -0.660723 -1.319492 0.256673 0.004681 0.005332 0.924836 -0.380300
1628410558.046614 -0.744626 -1.395037 0.255928 0.005691 0.004235 0.920085 -0.391656
1628410558.146901 -0.819895 -1.471645 0.254652 0.006195 0.003923 0.915538 -0.402165
1628410558.247254 -0.893343 -1.548330 0.257975 0.005792 0.003648 0.911486 -0.411275
1628410558.347248 -0.964833 -1.625892 0.259587 0.005407 0.003429 0.907278 -0.420483
1628410558.447485 -1.028841 -1.702707 0.260954 0.005802 0.003370 0.903073 -0.429434
1628410558.547614 -1.099174 -1.783832 0.262554 0.005893 0.003365 0.899341 -0.437196
1628410558.647805 -1.158984 -1.862228 0.262580 0.006091 0.003680 0.895736 -0.444530
1628410558.748005 -1.218143 -1.947547 0.264442 0.006148 0.003149 0.892482 -0.451030
1628410558.848197 -1.273767 -2.026768 0.267974 0.006244 0.002203 0.889106 -0.457654
1628410558.948396 -1.325534 -2.100346 0.271477 0.007122 0.002295 0.885681 -0.464234
1628410559.048605 -1.378139 -2.179059 0.273087 0.006486 0.003087 0.882861 -0.469580
1628410559.148818 -1.428091 -2.253329 0.272185 0.006131 0.002770 0.880023 -0.474884
1628410559.249010 -1.475529 -2.325834 0.274632 0.006095 0.002663 0.877239 -0.480008
1628410559.349778 -1.525635 -2.405422 0.274700 0.006160 0.001703 0.874416 -0.485135
1628410559.449404 -1.562142 -2.476312 0.273563 0.007000 0.001546 0.871335 -0.490635
1628410559.549860 -1.597695 -2.547444 0.273446 0.007599 0.001992 0.868194 -0.496163
1628410559.649825 -1.638165 -2.613148 0.272792 -0.006763 -0.002608 -0.865585 0.500710
1628410559.749991 -1.674816 -2.679494 0.274240 -0.006440 -0.002528 -0.862923 0.505287
1628410559.850203 -1.713378 -2.748851 0.278691 -0.007136 -0.002145 -0.860268 0.509787
1628410559.950401 -1.745168 -2.814090 0.279116 -0.007408 -0.001062 -0.857924 0.513723
1628410560.050573 -1.777249 -2.879483 0.280298 -0.007553 -0.000660 -0.855684 0.517443
1628410560.150783 -1.811694 -2.943278 0.281829 -0.007656 -0.001746 -0.853677 0.520743
1628410560.251017 -1.849923 -3.013121 0.282403 -0.006989 -0.002353 -0.851754 0.523891
1628410560.351505 -1.886582 -3.081781 0.285521 -0.006542 -0.001727 -0.850306 0.526245
1628410560.451389 -1.919413 -3.147519 0.289925 -0.006684 -0.001441 -0.849337 0.527807
1628410560.551579 -1.947909 -3.226501 0.291303 -0.007861 -0.000816 -0.848188 0.529636
1628410560.651802 -1.986307 -3.304050 0.288757 -0.007660 -0.000996 -0.847244 0.531148
1628410560.751963 -2.025717 -3.375054 0.285603 -0.007145 -0.001958 -0.846922 0.531666
1628410561.553572 -2.281171 -3.896714 0.291511 0.009541 -0.000080 0.905712 -0.423786
1628410563.156706 -2.436347 -4.079647 0.294408 0.001860 0.001888 0.948755 -0.316003
1628410563.657691 -2.008148 -3.751866 0.288823 0.001840 0.005946 0.978846 -0.204503
1628410564.058489 -1.590634 -3.595896 0.278388 0.003450 0.007524 0.994500 -0.104409
1628410564.559458 -1.035034 -3.574179 0.272929 0.004063 0.008561 0.999783 0.018535
1628410565.160640 -0.482984 -3.692095 0.272050 0.006064 0.007902 0.991383 0.130617
1628410566.062433 -0.042331 -3.829137 0.269956 0.004720 0.008015 0.973243 0.229589
1628410567.064448 0.524197 -3.993599 0.266254 0.001985 0.005674 0.975978 0.217785
1628410567.164594 0.601772 -4.012717 0.268920 0.002916 0.006233 0.979944 0.199154
1628410567.264799 0.674377 -4.034973 0.269987 0.002094 0.005582 0.984034 0.177882
1628410567.365020 0.751161 -4.056807 0.269274 0.002339 0.005639 0.987783 0.155716
1628410567.465374 0.831992 -4.081554 0.267525 0.002476 0.004808 0.991202 0.132248
1628410567.565417 0.910171 -4.098418 0.261930 0.003205 0.003308 0.993948 0.109758
1628410567.665631 0.978492 -4.121439 0.259820 0.003989 0.003064 0.995598 0.093587
1628410567.765787 1.040202 -4.150628 0.256968 0.005098 0.002839 0.996137 0.087620
1628410568.767756 1.110741 -4.240242 0.264959 0.013089 0.003937 0.996134 0.086777
1628410568.867975 1.067211 -4.218025 0.270358 0.012938 0.005703 0.996957 0.076663
1628410568.968181 1.022992 -4.198699 0.269929 0.012701 0.006219 0.997839 0.064165
1628410569.068542 0.966457 -4.180938 0.270248 0.011943 0.006474 0.998549 0.052102
1628410569.168550 0.910088 -4.167249 0.269619 0.011531 0.006550 0.999175 0.038377
1628410569.268749 0.844505 -4.152097 0.269188 0.010416 0.005975 0.999578 0.026459
1628410569.368963 0.772047 -4.143540 0.269046 0.008855 0.005761 0.999791 0.017519
1628410569.469764 0.692255 -4.142566 0.269873 0.009243 0.005809 0.999836 0.014437
1628410570.170662 0.066520 -4.196585 0.270225 0.006325 0.001851 0.991646 0.128819
1628410570.671647 -0.325629 -4.140862 0.274994 0.003865 0.001979 0.970693 0.240282
1628410571.173763 -0.637717 -3.952687 0.277432 0.004143 0.002387 0.938406 0.345501
1628410571.673497 -0.892818 -3.684080 0.278977 0.003369 0.000914 0.893899 0.448255
1628410572.174477 -1.127551 -3.335016 0.276361 0.001692 0.001431 0.832251 0.554395
1628410572.575267 -1.258708 -3.023756 0.282101 0.000036 0.002267 0.767737 0.640761
1628410572.976057 -1.284490 -2.647839 0.276250 -0.003231 0.001058 0.691148 0.722706
1628410573.376849 -1.222001 -2.266614 0.272894 -0.003981 0.001247 0.606865 0.794794
1628410574.378834 -0.825391 -1.329625 0.258746 0.001609 0.005888 0.616844 0.787062
1628410574.479019 -0.802997 -1.238529 0.258995 0.002382 0.006276 0.635357 0.772190
1628410574.579232 -0.789462 -1.151999 0.258537 0.002939 0.006957 0.654927 0.755654
1628410574.680371 -0.778158 -1.055527 0.260321 0.003278 0.006259 0.675084 0.737707
1628410574.779619 -0.763994 -0.954230 0.259673 0.003575 0.006880 0.694275 0.719668
1628410574.879835 -0.759791 -0.856014 0.260861 0.003363 0.007960 0.713770 0.700327
1628410574.980027 -0.756996 -0.757090 0.259852 0.004045 0.006945 0.733857 0.679256
1628410575.080211 -0.762929 -0.667752 0.260556 0.004303 0.006137 0.753332 0.657598
1628410575.180407 -0.776863 -0.573233 0.260100 0.004370 0.006984 0.772982 0.634374
1628410575.281976 -0.789875 -0.478741 0.258938 0.005197 0.007259 0.792453 0.609868
1628410575.380845 -0.808922 -0.392778 0.260970 0.005294 0.007226 0.810633 0.585487
1628410575.480997 -0.841408 -0.308383 0.259944 0.005172 0.007258 0.829110 0.559014
1628410575.581229 -0.875716 -0.222013 0.259034 0.005577 0.006401 0.847197 0.531211
1628410575.681397 -0.914856 -0.138451 0.261207 0.005960 0.006839 0.864674 0.502252
1628410575.781645 -0.963901 -0.051365 0.261229 0.006084 0.008566 0.881523 0.472024
1628410575.881806 -1.022005 0.027310 0.260514 0.006166 0.007537 0.897992 0.439905
1628410575.982002 -1.089841 0.102644 0.261992 0.005610 0.007021 0.912840 0.408218
1628410576.082202 -1.164246 0.174377 0.260349 0.006218 0.008020 0.927565 0.373524
1628410576.182391 -1.241482 0.246869 0.261416 0.006518 0.008626 0.940626 0.339272
1628410576.282596 -1.325355 0.317089 0.261792 0.006154 0.009847 0.952475 0.304394
1628410576.382775 -1.409664 0.376178 0.257176 0.006726 0.009334 0.963312 0.268138
1628410576.483157 -1.503253 0.430348 0.260461 0.006384 0.008645 0.972718 0.231741
1628410576.583187 -1.601415 0.481329 0.260610 0.006943 0.009423 0.981159 0.192846
1628410576.683389 -1.705629 0.526013 0.260745 0.007797 0.009361 0.987955 0.154262
1628410576.783564 -1.817975 0.559311 0.264314 0.006840 0.010250 0.993286 0.115024
1628410576.883784 -1.934816 0.584867 0.261029 0.006457 0.009997 0.997144 0.074579
1628410576.983981 -2.052449 0.595921 0.262533 0.007055 0.009627 0.999231 0.037337
1628410577.084171 -2.178560 0.600070 0.264374 0.006922 0.009634 0.999877 0.010301
1628410577.184355 -2.309994 0.593628 0.266186 0.006922 0.009777 0.999928 0.000121
1628410577.284551 -2.447432 0.574437 0.267482 0.006377 0.008239 0.999946 -0.000069
1628410577.785663 -3.182651 0.478950 0.278621 0.005837 -0.003042 0.994728 0.102336
1628410578.186357 -3.667624 0.583114 0.285317 0.004170 -0.004467 0.973783 0.227395
1628410578.486995 -3.970165 0.757530 0.285373 0.002978 -0.004111 0.944457 0.328595
1628410578.787532 -4.210893 0.997160 0.285755 0.001718 -0.003778 0.904603 0.426236
1628410579.088127 -4.386558 1.272942 0.290918 0.001327 -0.003277 0.855261 0.518186
1628410579.484051 -4.518298 1.693622 0.297372 -0.000851 -0.002194 0.783854 0.620941
1628410579.790105 -4.557133 2.040045 0.292051 -0.004197 -0.003021 0.716563 0.697504
1628410580.090693 -4.539932 2.380737 0.286339 -0.005414 -0.003540 0.640904 0.767594
1628410580.391303 -4.470883 2.702083 0.283246 -0.006489 -0.003706 0.557133 0.830389
1628410580.691876 -4.354142 2.997153 0.280024 -0.006178 -0.002063 0.466223 0.884643
1628410580.992476 -4.164906 3.266532 0.279600 -0.007005 -0.001640 0.368222 0.929710
1628410581.293052 -3.914872 3.486463 0.276377 -0.008755 -0.001075 0.266190 0.963880
1628410581.593715 -3.615927 3.649192 0.276000 -0.009125 -0.001236 0.159673 0.987127
1628410581.894260 -3.303624 3.752159 0.276384 -0.009485 -0.000563 0.051581 0.998624
1628410582.194836 -2.975479 3.775054 0.271335 -0.009109 0.002045 -0.055760 0.998401
1628410582.495451 -2.643625 3.716149 0.278476 -0.008800 0.004857 -0.163893 0.986427
1628410582.796443 -2.323587 3.594327 0.273047 -0.010308 0.005948 -0.270216 0.962726
1628410583.096616 -2.054177 3.401952 0.269967 -0.009060 0.007522 -0.372878 0.927805
1628410584.098661 -1.380083 2.562911 0.269034 0.001022 0.002570 -0.377569 0.925977
1628410584.198799 -1.308893 2.483703 0.266933 0.001113 0.003524 -0.352319 0.935873
1628410584.299014 -1.239516 2.399713 0.265890 0.002289 0.003442 -0.325638 0.945485
1628410584.399328 -1.158716 2.324840 0.266503 0.003266 0.004119 -0.297026 0.954855
1628410584.499381 -1.073700 2.255238 0.264852 0.005346 0.003184 -0.266417 0.963838
1628410584.599578 -0.984436 2.197126 0.262635 0.005497 0.003691 -0.235038 0.971964
1628410584.701817 -0.887284 2.138538 0.261316 0.006699 0.002886 -0.202477 0.979260
1628410584.799974 -0.792145 2.088212 0.258628 0.006560 0.003268 -0.170141 0.985392
1628410584.901702 -0.696218 2.045248 0.254829 0.007034 0.002749 -0.137149 0.990522
1628410585.002372 -0.595848 2.006609 0.255133 0.006792 0.002440 -0.120922 0.992636
1628410585.100579 -0.494172 1.971987 0.257433 0.006297 0.003688 -0.117228 0.993078
1628410586.904127 -0.266780 1.900185 0.258361 -0.000687 0.007413 -0.111978 0.993683
1628410587.004322 -0.313674 1.911542 0.259397 -0.001132 0.007282 -0.095786 0.995375
1628410587.104526 -0.363051 1.921978 0.259448 -0.000880 0.006915 -0.078859 0.996861
1628410587.204908 -0.413936 1.926053 0.261886 -0.000171 0.006699 -0.061000 0.998115
1628410587.304928 -0.467274 1.934598 0.259256 0.000173 0.007021 -0.042565 0.999069
1628410587.405499 -0.524696 1.942417 0.257884 -0.000234 0.006899 -0.023195 0.999707
1628410587.505311 -0.583688 1.950716 0.257422 -0.000203 0.006603 -0.002869 0.999974
1628410587.606949 -0.647885 1.950843 0.256869 -0.000433 0.006736 0.019681 0.999784
1628410587.705949 -0.715428 1.950425 0.258408 -0.001088 0.006651 0.042800 0.999061
1628410587.810345 -0.787078 1.943919 0.260064 -0.001673 0.006283 0.067376 0.997706
1628410587.906101 -0.859908 1.931436 0.260460 -0.002443 0.005845 0.091691 0.995767
1628410588.006316 -0.933955 1.914743 0.262870 -0.002265 0.005553 0.118674 0.992915
1628410588.106514 -1.016694 1.888195 0.263381 -0.002485 0.006447 0.146593 0.989173
1628410588.206729 -1.102214 1.857725 0.262914 -0.002421 0.005914 0.175306 0.984493
1628410588.307442 -1.187018 1.820852 0.262048 -0.003708 0.006513 0.206124 0.978497
1628410588.407096 -1.274657 1.780576 0.262822 -0.004322 0.005233 0.237926 0.971260
1628410588.507349 -1.363715 1.732511 0.262716 -0.004272 0.005309 0.270527 0.962688
1628410588.607477 -1.454878 1.678642 0.262586 -0.004984 0.003905 0.304182 0.952593
1628410588.707690 -1.545655 1.614823 0.262520 -0.005789 0.004967 0.339160 0.940698
1628410588.807880 -1.634916 1.537529 0.262624 -0.005764 0.003976 0.374679 0.927128
1628410588.908082 -1.724759 1.451844 0.260413 -0.006141 0.003695 0.411743 0.911272
1628410589.008306 -1.812756 1.356715 0.256799 -0.007557 0.003304 0.448453 0.893768
1628410589.108469 -1.894345 1.255549 0.257387 -0.007732 0.001389 0.485000 0.874479
1628410589.209207 -1.967618 1.145402 0.258692 -0.007675 0.000678 0.521656 0.853121
1628410589.308874 -2.034456 1.029545 0.261501 -0.007696 -0.000408 0.556736 0.830654
1628410589.409089 -2.090484 0.911447 0.260374 -0.008151 -0.000526 0.591422 0.806321
1628410589.509274 -2.136275 0.788238 0.262693 -0.008685 -0.000628 0.625573 0.780117
1628410589.609452 -2.169965 0.661670 0.266167 -0.008213 -0.001673 0.657305 0.753578
1628410589.709666 -2.196936 0.532445 0.270802 -0.007372 -0.002245 0.686706 0.726894
1628410589.809901 -2.210552 0.408305 0.269891 -0.006505 -0.002223 0.712231 0.701911
1628410589.910739 -2.216423 0.284259 0.271682 -0.005772 -0.002861 0.729589 0.683855
1628410590.010276 -2.213721 0.167958 0.271807 -0.004586 -0.003056 0.737347 0.675492
1628410590.110439 -2.194575 0.070779 0.275236 -0.003096 -0.002595 0.740021 0.672571
1628410591.112430 -2.031177 -0.100866 0.266767 0.010893 -0.003261 0.741591 0.670756
1628410591.212647 -2.025450 -0.033692 0.266859 0.010709 -0.002143 0.756010 0.654469
1628410591.312923 -2.026570 0.034267 0.269036 0.010932 0.000169 0.771402 0.636254
1628410591.413034 -2.039036 0.117300 0.269256 0.011458 0.001550 0.788480 0.614951
1628410591.513222 -2.062198 0.207106 0.270749 0.011316 0.002936 0.806125 0.591630
1628410591.613422 -2.090740 0.301187 0.272864 0.011721 0.004717 0.823977 0.566483
1628410591.713602 -2.131572 0.394443 0.271757 0.011706 0.005908 0.842016 0.539293
1628410591.813821 -2.178652 0.488690 0.270337 0.012129 0.006886 0.859936 0.510211
1628410591.914021 -2.235526 0.579970 0.267915 0.011847 0.008989 0.876968 0.480319
1628410592.014226 -2.298321 0.677147 0.268591 0.011055 0.010247 0.892646 0.450506
1628410592.114419 -2.369035 0.770396 0.267430 0.010973 0.010349 0.908063 0.418561
1628410592.214812 -2.449530 0.864677 0.268996 0.010526 0.011645 0.922288 0.386185
1628410592.314787 -2.535922 0.951018 0.268706 0.009891 0.011962 0.934988 0.354341
1628410592.415001 -2.623250 1.033919 0.268972 0.009798 0.012424 0.946793 0.321454
1628410592.515200 -2.715756 1.113652 0.269140 0.009170 0.012195 0.957473 0.288120
1628410592.615721 -2.811706 1.180777 0.268035 0.008335 0.012098 0.967081 0.254046
1628410592.715591 -2.904400 1.243028 0.271470 0.007909 0.012864 0.974918 0.222050
1628410592.815788 -3.003549 1.293190 0.274408 0.008623 0.012783 0.981797 0.189307
1628410592.915992 -3.099568 1.334928 0.273745 0.008198 0.011694 0.987548 0.156668
1628410593.016233 -3.196889 1.375366 0.274459 0.007903 0.011607 0.992024 0.125263
1628410593.116376 -3.289741 1.407826 0.274991 0.008484 0.011528 0.995518 0.093483
1628410593.216608 -3.385657 1.425731 0.276302 0.008373 0.010665 0.997953 0.062491
1628410593.316775 -3.479738 1.434377 0.277775 0.007784 0.009392 0.999237 0.037096
1628410593.416987 -3.578236 1.434683 0.278409 0.007446 0.008899 0.999651 0.023751
1628410593.517173 -3.684641 1.430194 0.278913 0.006612 0.008664 0.999732 0.020412
1628410594.218556 -4.414007 1.430844 0.298255 0.007214 -0.000393 0.989530 0.144149
1628410594.619354 -4.776652 1.545706 0.293529 0.005748 -0.000388 0.967267 0.253697
1628410595.020134 -5.115917 1.756856 0.293941 0.002277 -0.001145 0.930384 0.366578
1628410595.420912 -5.372564 2.053502 0.299749 0.002314 -0.002242 0.877708 0.479184
1628410595.821729 -5.561804 2.424018 0.303039 -0.000143 -0.002968 0.810726 0.585418
1628410596.122311 -5.658831 2.758131 0.300323 -0.000816 -0.003376 0.747436 0.664325
1628410596.523084 -5.681056 3.204182 0.294187 -0.003279 -0.003676 0.664558 0.747221
1628410596.823715 -5.637928 3.510578 0.298357 -0.000071 -0.000546 0.667686 0.744443
1628410596.923877 -5.626322 3.611462 0.298916 0.001413 0.000674 0.677646 0.735386
1628410597.024105 -5.610111 3.717147 0.298270 0.002720 0.001735 0.691659 0.722217
1628410597.124377 -5.599577 3.825976 0.300163 0.003890 0.003480 0.707134 0.707061
1628410597.224486 -5.592714 3.937291 0.299543 0.005112 0.004613 0.724667 0.689064
1628410597.324678 -5.593882 4.061059 0.298762 0.005847 0.005188 0.742796 0.669472
1628410597.424873 -5.606378 4.184430 0.298548 0.006364 0.006372 0.761523 0.648076
1628410597.525071 -5.623944 4.297099 0.299729 0.006121 0.005874 0.780388 0.625238
1628410597.625269 -5.646474 4.412565 0.300379 0.006778 0.005967 0.799042 0.601207
1628410597.725482 -5.681736 4.521732 0.299186 0.006514 0.006211 0.817077 0.576458
1628410597.825657 -5.724402 4.632737 0.298092 0.005551 0.006619 0.833466 0.552503
1628410597.925853 -5.765405 4.737231 0.299471 0.004785 0.006838 0.847840 0.530186
1628410598.026193 -5.813788 4.844751 0.300942 0.005114 0.006791 0.859926 0.510349
1628410598.126258 -5.863565 4.941433 0.302478 0.005418 0.007591 0.866848 0.498486
1628410599.729412 -5.971887 5.233786 0.304889 -0.000865 0.001294 0.872513 0.488589
1628410599.829609 -5.960566 5.176232 0.305798 -0.000989 0.000036 0.881467 0.472245
1628410599.930007 -5.941835 5.115564 0.304362 -0.001180 0.000778 0.890850 0.454295
1628410600.030063 -5.915345 5.055283 0.304273 -0.001051 0.000484 0.899796 0.436310
1628410600.130228 -5.887540 4.997293 0.301935 -0.001916 0.000287 0.908956 0.416888
1628410600.230438 -5.856001 4.932708 0.300570 -0.001474 -0.000056 0.918223 0.396062
1628410600.332324 -5.821546 4.872534 0.301573 -0.001077 -0.001224 0.927550 0.373697
1628410600.431152 -5.780878 4.814786 0.301327 -0.001471 -0.001908 0.936042 0.351879
1628410600.531013 -5.737123 4.764341 0.301783 -0.001031 -0.003087 0.944550 0.328351
1628410600.631475 -5.689064 4.713926 0.300764 -0.000753 -0.003625 0.952574 0.304285
1628410600.731493 -5.637291 4.671803 0.298558 -0.001026 -0.003707 0.960043 0.279825
1628410600.831731 -5.577110 4.629530 0.297690 -0.000201 -0.003723 0.966915 0.255072
1628410600.932109 -5.511813 4.590529 0.297318 -0.000328 -0.004273 0.973433 0.228934
1628410601.032006 -5.445706 4.554398 0.298819 0.000216 -0.004745 0.979373 0.202003
1628410601.134397 -5.371975 4.522638 0.298659 0.000597 -0.005090 0.984690 0.174238
1628410601.232836 -5.301920 4.498085 0.297186 0.000485 -0.005424 0.989275 0.145966
1628410601.332634 -5.229101 4.476721 0.298139 0.000759 -0.005650 0.993129 0.116887
1628410601.433430 -5.150318 4.460023 0.296666 0.000584 -0.006706 0.996151 0.087397
1628410601.532982 -5.065151 4.449605 0.293726 0.000823 -0.006848 0.998324 0.057467
1628410601.638374 -4.973947 4.441027 0.292580 0.001037 -0.007034 0.999629 0.026280
1628410601.733713 -4.884732 4.437113 0.289619 0.000985 -0.007652 0.999968 -0.001980
1628410601.833569 -4.796934 4.445158 0.288335 0.001725 -0.006907 0.999458 -0.032151
1628410601.933764 -4.713772 4.456378 0.289190 0.001549 -0.007498 0.997940 -0.063691
1628410602.034383 -4.621782 4.466019 0.290559 0.001521 -0.008846 0.995448 -0.094885
1628410602.134283 -4.531545 4.481791 0.290749 0.002199 -0.009926 0.992282 -0.123583
1628410602.234421 -4.432666 4.503573 0.290803 0.002507 -0.009557 0.989771 -0.142320
1628410602.334569 -4.335549 4.532348 0.290686 0.003171 -0.007734 0.988855 -0.148649
1628410603.136326 -4.086546 4.636969 0.282346 0.013003 -0.001295 0.988575 -0.150163
1628410603.236343 -4.131779 4.634214 0.283620 0.012647 -0.001099 0.985850 -0.167150
1628410603.336552 -4.197261 4.620893 0.283986 0.011596 -0.000110 0.981831 -0.189404
1628410603.436727 -4.273278 4.604476 0.284435 0.010712 0.001264 0.976585 -0.214863
1628410603.536934 -4.350906 4.581056 0.284519 0.009957 0.002224 0.969810 -0.243649
1628410603.637130 -4.436399 4.543376 0.286924 0.009103 0.002228 0.961355 -0.275151
1628410603.737328 -4.526581 4.490044 0.288490 0.008464 0.002826 0.950721 -0.309919
1628410603.837549 -4.619529 4.426163 0.288884 0.007158 0.003764 0.938287 -0.345762
1628410603.937721 -4.712039 4.356556 0.288091 0.005116 0.005068 0.924700 -0.380628
1628410604.038249 -4.799230 4.281310 0.287624 0.003897 0.006218 0.910307 -0.413869
1628410604.138128 -4.886442 4.201634 0.288768 0.002505 0.006340 0.895289 -0.445434
1628410604.238302 -4.963749 4.106541 0.291003 0.001842 0.006530 0.878959 -0.476850
1628410604.338500 -5.034757 4.006163 0.291734 -0.000761 -0.005927 -0.861424 0.507851
1628410604.438694 -5.097988 3.901228 0.291458 0.000224 -0.005729 -0.842848 0.538121
1628410604.539535 -5.154877 3.792871 0.290291 0.001791 -0.006126 -0.823928 0.566658
1628410604.639090 -5.202152 3.692270 0.291274 0.003300 -0.005715 -0.806001 0.591878
1628410604.739288 -5.237378 3.584244 0.291466 0.003411 -0.004826 -0.795156 0.606376
1628410604.839484 -5.264659 3.483191 0.292367 0.003346 -0.002954 -0.790091 0.612973
1628410605.841460 -5.409906 2.949668 0.299219 -0.000809 0.003610 -0.849583 0.527442
1628410606.442666 -5.415718 2.907354 0.296186 -0.000008 0.003853 -0.847674 0.530504
1628410606.542849 -5.409330 2.919593 0.295879 0.000153 0.004108 -0.844097 0.536175
1628410606.643049 -5.403302 2.933402 0.295192 0.000267 0.004270 -0.839122 0.543927
1628410606.743258 -5.396821 2.952392 0.295650 -0.000846 0.004415 -0.833068 0.553152
1628410606.843437 -5.383502 2.977168 0.295072 -0.001039 0.004897 -0.825485 0.564402
1628410606.943659 -5.373003 3.009634 0.296001 -0.001853 0.005530 -0.816044 0.577961
1628410607.043830 -5.361563 3.043704 0.296030 -0.001964 0.005584 -0.805649 0.592364
1628410607.144049 -5.349520 3.082939 0.295603 -0.001403 0.005271 -0.793410 0.608663
1628410607.244246 -5.344044 3.133511 0.294655 -0.000465 0.005369 -0.780215 0.625489
1628410607.344444 -5.333134 3.185358 0.295655 -0.001402 0.005399 -0.766622 0.642075
1628410607.444630 -5.325616 3.241000 0.296897 -0.002476 0.005583 -0.751035 0.660234
1628410607.544817 -5.316539 3.304146 0.297323 -0.001946 0.005963 -0.734237 0.678864
1628410607.645093 -5.309493 3.372889 0.298624 -0.002826 0.007013 -0.716237 0.697816
1628410607.745214 -5.304447 3.441386 0.297885 -0.003335 0.007280 -0.697904 0.716146
1628410607.845444 -5.300860 3.519322 0.296141 -0.003193 0.007018 -0.678567 0.734498
1628410607.945630 -5.302339 3.599937 0.294172 -0.002369 0.007458 -0.658982 0.752118
1628410608.045815 -5.307304 3.684644 0.294143 -0.002843 0.007589 -0.637707 0.770236
1628410608.146011 -5.323847 3.768727 0.294286 -0.002645 0.008011 -0.616101 0.787622
1628410608.246211 -5.336996 3.852016 0.296074 -0.003843 0.008227 -0.593021 0.805136
1628410608.346418 -5.361330 3.930903 0.295407 -0.003948 0.008158 -0.569428 0.821991
1628410608.446608 -5.393552 4.010368 0.296597 -0.004355 0.008272 -0.546082 0.837679
1628410608.547764 -5.429166 4.091917 0.297215 -0.003741 0.007723 -0.523224 0.852152
1628410608.647008 -5.457163 4.174876 0.299731 -0.003833 0.008093 -0.503208 0.864119
1628410608.747269 -5.488016 4.245610 0.299800 -0.004429 0.007861 -0.493276 0.869826
1628410608.847396 -5.510288 4.312171 0.298158 -0.004584 0.006180 -0.491793 0.870678
1628410609.448583 -5.503418 4.403380 0.294739 -0.005182 -0.002273 -0.488320 0.872646
1628410609.548818 -5.475004 4.371522 0.296019 -0.005101 -0.003101 -0.475738 0.879567
1628410609.648963 -5.438650 4.329374 0.296966 -0.004366 -0.002677 -0.458481 0.888689
1628410609.749164 -5.402645 4.280125 0.298406 -0.004685 -0.002267 -0.437039 0.899427
1628410609.849366 -5.358459 4.218691 0.297643 -0.004553 -0.002415 -0.411487 0.911401
1628410609.949569 -5.310658 4.150533 0.294995 -0.002309 -0.002783 -0.382485 0.923955
1628410610.049758 -5.255577 4.078266 0.294832 -0.000149 -0.003364 -0.349299 0.937005
1628410610.149965 -5.190377 4.005746 0.291353 0.002629 -0.002441 -0.314453 0.949266
1628410610.250150 -5.114972 3.936578 0.291621 0.003960 -0.002222 -0.277019 0.960854
1628410610.350353 -5.027371 3.874747 0.290739 0.004609 -0.002058 -0.237378 0.971404
1628410610.450550 -4.933094 3.812624 0.288868 0.006169 -0.001139 -0.194921 0.980799
1628410610.550746 -4.828144 3.759850 0.288347 0.008544 -0.001088 -0.152047 0.988336
1628410610.650951 -4.718311 3.716938 0.288230 0.009759 -0.000034 -0.107784 0.994126
1628410610.751391 -4.602295 3.678858 0.288193 0.010615 0.001123 -0.063505 0.997924
1628410610.851345 -4.485992 3.652668 0.288095 0.010530 0.002287 -0.024264 0.999648
1628410610.951551 -4.364163 3.633143 0.285280 0.010955 0.002240 0.006416 0.999917
1628410611.051745 -4.239435 3.619769 0.284697 0.010489 0.003405 0.026515 0.999588
1628410611.151966 -4.111304 3.614366 0.284176 0.010149 0.003961 0.039423 0.999163
1628410611.252141 -3.987534 3.619746 0.286027 0.007939 0.004032 0.045670 0.998917
1628410611.853313 -3.343967 3.645547 0.283692 -0.003082 0.004481 -0.070716 0.997482
1628410612.254119 -3.012018 3.594071 0.276989 -0.003245 0.006510 -0.170760 0.985286
1628410612.755118 -2.661402 3.482271 0.277604 -0.003567 0.005763 -0.284266 0.958721
1628410613.155880 -2.384238 3.296534 0.276078 -0.004906 0.005021 -0.383524 0.923504
1628410613.556684 -2.140525 3.000513 0.272113 -0.007252 0.006525 -0.494246 0.869268
1628410613.857288 -1.986717 2.718779 0.274653 -0.009426 0.006895 -0.582716 0.812592
1628410614.158372 -1.878888 2.401460 0.273243 -0.009345 0.007749 -0.670977 0.741379
1628410614.458469 -1.832019 2.063015 0.270709 -0.009892 0.009048 -0.752549 0.658399
1628410614.762687 -1.871974 1.714705 0.273448 -0.011437 0.009941 -0.825871 0.563656
1628410615.059672 -2.001769 1.391949 0.272783 0.009120 -0.011002 0.887080 -0.461394
1628410615.360665 -2.215000 1.100717 0.273307 0.008965 -0.010945 0.935598 -0.352784
1628410615.660816 -2.488455 0.872636 0.273242 0.009072 -0.010755 0.970762 -0.239631
1628410615.961473 -2.827624 0.703227 0.273895 0.005939 -0.011451 0.992137 -0.124492
1628410616.262074 -3.183068 0.607743 0.279358 0.006072 -0.011203 0.999880 -0.008859
1628410616.562794 -3.551322 0.605692 0.283765 0.005303 -0.010664 0.994162 0.107236
1628410616.863201 -3.906851 0.695203 0.289674 0.003591 -0.008232 0.975240 0.220965
1628410617.163777 -4.223121 0.854646 0.295618 0.002459 -0.007065 0.943483 0.331336
1628410617.464386 -4.488490 1.081542 0.292674 0.000718 -0.007643 0.898511 0.438884
1628410617.766639 -4.703830 1.381077 0.294273 -0.000600 -0.005250 0.840471 0.541830
1628410618.065572 -4.846544 1.710315 0.296645 -0.004344 -0.005294 0.771575 0.636101
1628410618.366155 -4.886902 2.090854 0.292660 -0.006802 -0.005364 0.690782 0.723011
1628410618.666802 -4.834993 2.462748 0.289410 -0.006826 -0.005033 0.614967 0.788507
1628410618.967342 -4.706508 2.810759 0.290442 -0.001892 -0.000904 0.617570 0.786513
1628410619.067916 -4.660860 2.934011 0.289947 0.000357 0.000630 0.630644 0.776072
1628410619.167785 -4.617284 3.069489 0.287807 0.003089 0.002295 0.647192 0.762318
1628410619.268930 -4.584517 3.201347 0.286767 0.005220 0.003684 0.667329 0.744735
1628410619.368292 -4.551799 3.344987 0.284775 0.005649 0.004594 0.688374 0.725320
1628410619.469799 -4.536045 3.487586 0.286273 0.006480 0.005856 0.711304 0.702831
1628410619.568521 -4.522235 3.632106 0.286424 0.007087 0.006433 0.733917 0.679172
1628410619.668821 -4.525210 3.770966 0.288223 0.007439 0.007019 0.757637 0.652596
1628410619.768916 -4.537765 3.912084 0.290749 0.006995 0.007946 0.780727 0.624783
1628410619.869271 -4.563762 4.043883 0.290992 0.006872 0.008185 0.804104 0.594392
1628410619.969314 -4.598782 4.168524 0.289534 0.007311 0.008256 0.826800 0.562388
1628410620.069699 -4.643270 4.282732 0.290495 0.007167 0.008225 0.848529 0.529037
1628410620.169707 -4.690797 4.391015 0.291237 0.006903 0.008281 0.869336 0.494105
1628410620.269925 -4.750300 4.488018 0.292954 0.006964 0.008529 0.889011 0.457754
1628410620.370106 -4.819620 4.577147 0.294255 0.007323 0.008556 0.907475 0.419955
1628410620.470877 -4.896363 4.651789 0.293809 0.007135 0.009235 0.923764 0.382784
1628410620.570597 -4.981117 4.719221 0.293576 0.006599 0.009994 0.937960 0.346537
1628410620.670725 -5.063971 4.782223 0.293640 0.006488 0.009609 0.951077 0.308737
1628410620.770897 -5.154275 4.833169 0.295965 0.006014 0.009708 0.962368 0.271511
1628410620.871102 -5.252275 4.874717 0.295197 0.005020 0.008691 0.972184 0.234005
1628410620.971288 -5.346258 4.912416 0.294333 0.005958 0.008771 0.980595 0.195756
1628410621.071500 -5.447099 4.943656 0.295239 0.004796 0.009297 0.987077 0.159906
1628410621.171692 -5.549345 4.959375 0.292803 0.003955 0.008058 0.992235 0.124056
1628410621.271893 -5.650099 4.970434 0.293125 0.003358 0.007371 0.996106 0.087790
1628410621.372086 -5.746867 4.974421 0.293092 0.002896 0.006836 0.998645 0.051516
1628410621.472294 -5.845584 4.976192 0.293133 0.003105 0.006205 0.999874 0.014264
1628410621.572475 -5.950216 4.978219 0.294691 0.003119 0.007654 0.999726 -0.021881
1628410621.672696 -6.048287 4.974234 0.294613 0.001824 0.007709 0.998366 -0.056590
1628410621.772876 -6.147190 4.962325 0.297937 0.003493 0.006643 0.995615 -0.093245
1628410621.873095 -6.238122 4.941539 0.301418 0.003488 0.005428 0.991626 -0.128984
1628410621.973277 -6.331011 4.922797 0.301802 0.002334 0.005047 0.986279 -0.164995
1628410622.073510 -6.421505 4.898691 0.303145 0.002038 0.005925 0.979717 -0.200289
1628410622.173680 -6.507639 4.873093 0.302705 0.001614 0.006521 0.972088 -0.234521
1628410622.274061 -6.585608 4.831936 0.303177 0.001550 0.005757 0.963044 -0.269277
1628410622.374208 -6.667793 4.784961 0.301312 0.001991 0.004970 0.952782 -0.303608
1628410622.474478 -6.739485 4.734740 0.302572 0.000765 0.003952 0.941185 -0.337867
1628410622.574527 -6.801244 4.687337 0.305335 0.000665 0.004449 0.928762 -0.370649
1628410622.674957 -6.861229 4.632559 0.305739 0.001267 0.004759 0.914733 -0.404029
1628410622.774849 -6.913176 4.569949 0.304945 0.000244 0.004495 0.899702 -0.436482
1628410622.875052 -6.960757 4.508689 0.303643 0.000041 0.004232 0.883194 -0.468989
1628410622.975239 -7.009620 4.440169 0.305649 -0.000587 -0.004050 -0.865876 0.500242
1628410623.075440 -7.056188 4.362138 0.306963 0.000296 -0.003834 -0.847301 0.531099
1628410623.175653 -7.096059 4.284511 0.307830 0.000008 -0.003288 -0.827332 0.561703
1628410623.275834 -7.134512 4.197343 0.309167 -0.000063 -0.002861 -0.805654 0.592379
1628410623.376032 -7.168070 4.111215 0.310695 0.001456 -0.002729 -0.783520 0.621358
1628410623.476995 -7.196620 4.014471 0.313804 0.001999 -0.002182 -0.758779 0.651342
1628410623.576493 -7.217706 3.918519 0.315503 0.000989 -0.002254 -0.733155 0.680057
1628410623.676619 -7.229722 3.821359 0.315040 0.001643 -0.002027 -0.707331 0.706877
1628410623.776823 -7.238347 3.727794 0.313220 0.002334 -0.001490 -0.685508 0.728060
1628410623.877043 -7.240074 3.628274 0.314050 0.001627 -0.002078 -0.672215 0.740352
1628410623.977218 -7.235131 3.536945 0.313719 0.001684 -0.000782 -0.661917 0.749575
1628410624.077439 -7.234403 3.448772 0.315850 0.000483 0.000378 -0.653699 0.756755
1628410624.177635 -7.228942 3.359726 0.315961 0.000573 0.001471 -0.645902 0.763418
1628410624.278012 -7.223577 3.271264 0.317216 0.000895 0.002260 -0.638506 0.769613
1628410624.378022 -7.215554 3.186281 0.313761 0.001182 0.001883 -0.631363 0.775485
1628410624.478253 -7.194759 3.107141 0.313256 0.001173 0.002052 -0.624365 0.781129
1628410624.578401 -7.175651 3.026108 0.312196 0.000717 0.003274 -0.618040 0.786139
1628410624.678599 -7.156864 2.950924 0.312162 0.000342 0.003981 -0.611985 0.790859
1628410624.778812 -7.132666 2.882645 0.312324 0.000002 0.004261 -0.607327 0.794441
1628410624.879001 -7.103666 2.820391 0.313563 -0.000323 0.005000 -0.602982 0.797739
1628410624.979190 -7.088373 2.758886 0.312768 -0.001133 0.004769 -0.598880 0.800824
1628410625.079417 -7.065884 2.703437 0.314510 -0.001357 0.004698 -0.595308 0.803483
1628410625.179586 -7.046871 2.652229 0.315324 -0.000986 0.005096 -0.591868 0.806018
1628410625.279813 -7.026868 2.602128 0.313901 -0.000770 0.005238 -0.589027 0.808096
1628410625.379976 -7.007181 2.558311 0.314701 -0.001425 0.005368 -0.586431 0.809980
1628410625.480193 -6.988456 2.516008 0.312510 -0.001383 0.004964 -0.584029 0.811716
1628410625.580384 -6.967492 2.479576 0.313122 -0.001466 0.005200 -0.581853 0.813276
1628410625.680594 -6.953494 2.448618 0.312752 -0.001125 0.004673 -0.580353 0.814351
1628410625.780773 -6.941263 2.418674 0.314486 -0.002444 0.004936 -0.578410 0.815728
1628410625.880984 -6.931005 2.389842 0.314805 -0.002584 0.004731 -0.576725 0.816921
1628410625.981173 -6.923011 2.365485 0.313982 -0.002923 0.004841 -0.575646 0.817679
1628410626.081600 -6.914130 2.342107 0.314542 -0.003596 0.004358 -0.573674 0.819065
1628410626.181574 -6.907937 2.315592 0.313433 -0.003709 0.003990 -0.571920 0.820291
1628410626.281763 -6.908163 2.294277 0.314980 -0.002896 0.004469 -0.570678 0.821157
1628410626.381981 -6.905691 2.279737 0.315706 -0.002636 0.006098 -0.569661 0.821853
1628410626.482176 -6.903252 2.271986 0.312243 -0.002322 0.005241 -0.569076 0.822265
1628410626.582407 -6.903817 2.267386 0.314333 -0.002671 0.005012 -0.568398 0.822734
1628410626.682579 -6.907453 2.267249 0.313248 -0.002911 0.005354 -0.568340 0.822771
